114238.00,08254.37857,5459.18037,0.95,-0.67,-0.10
114238.00,08254.37857,5459.18037,0.90,-0.57,-0.10
114238.00,08254.37857,5459.18037,0.95,-0.62,-0.10
114240.00,08254.37844,5459.18026,0.90,-0.57,-0.05
114240.00,08254.37844,5459.18026,0.95,-0.67,-0.05
114240.00,08254.37844,5459.18026,1.00,-0.90,0.10
114240.00,08254.37844,5459.18026,1.14,-0.38,0.10
114240.00,08254.37844,5459.18026,0.90,-0.62,-0.05
114240.00,08254.37844,5459.18026,0.86,-0.62,-0.10
114240.00,08254.37844,5459.18026,0.76,-0.71,-0.10
114240.00,08254.37844,5459.18026,0.81,-0.43,-0.38
114241.00,08254.37833,5459.18021,0.76,-0.67,-0.19
114241.00,08254.37833,5459.18021,0.86,-0.62,0.00
114241.00,08254.37833,5459.18021,0.76,-0.71,-0.10
114241.00,08254.37833,5459.18021,0.81,-0.71,-0.19
114241.00,08254.37833,5459.18021,0.71,-0.76,-0.19
114241.00,08254.37833,5459.18021,0.48,-0.57,-0.43
114241.00,08254.37833,5459.18021,0.86,-0.62,-0.05
114242.00,08254.37814,5459.18032,0.81,-0.67,-0.14
114242.00,08254.37814,5459.18032,0.90,-0.67,-0.10
114242.00,08254.37814,5459.18032,0.86,-0.62,-0.10
114242.00,08254.37814,5459.18032,0.95,-0.67,-0.10
114242.00,08254.37814,5459.18032,0.86,-0.62,-0.10
114242.00,08254.37814,5459.18032,0.86,-0.62,-0.10
114242.00,08254.37814,5459.18032,0.90,-0.62,-0.05
114243.00,08254.37799,5459.18034,0.81,-0.57,-0.10
114243.00,08254.37799,5459.18034,0.81,-0.62,-0.10
114243.00,08254.37799,5459.18034,0.90,-0.67,-0.05
114243.00,08254.37799,5459.18034,0.90,-0.62,-0.14
114243.00,08254.37799,5459.18034,0.86,-0.62,-0.10
114243.00,08254.37799,5459.18034,0.90,-0.62,-0.10
114243.00,08254.37799,5459.18034,0.86,-0.62,-0.14
114243.00,08254.37799,5459.18034,0.86,-0.62,-0.10
114244.00,08254.37779,5459.18035,0.90,-0.57,-0.10
114244.00,08254.37779,5459.18035,0.90,-0.67,-0.10
114244.00,08254.37779,5459.18035,0.76,-0.62,-0.10
114244.00,08254.37779,5459.18035,0.90,-0.62,-0.10
114244.00,08254.37779,5459.18035,0.86,-0.67,-0.14
114244.00,08254.37779,5459.18035,0.90,-0.62,-0.05
114244.00,08254.37779,5459.18035,0.86,-0.67,-0.10
114245.00,08254.37760,5459.18037,0.81,-0.67,0.00
114245.00,08254.37760,5459.18037,0.81,-0.57,-0.05
114245.00,08254.37760,5459.18037,0.86,-0.67,-0.05
114245.00,08254.37760,5459.18037,0.86,-0.67,-0.05
114245.00,08254.37760,5459.18037,0.76,-0.57,-0.10
114245.00,08254.37760,5459.18037,0.81,-0.62,-0.05
114245.00,08254.37760,5459.18037,0.86,-0.62,-0.14
114245.00,08254.37760,5459.18037,0.81,-0.57,-0.10
114246.00,08254.37745,5459.18035,0.81,-0.67,-0.05
114246.00,08254.37745,5459.18035,0.81,-0.67,-0.10
114246.00,08254.37745,5459.18035,0.86,-0.67,-0.05
114246.00,08254.37745,5459.18035,0.86,-0.57,-0.10
114246.00,08254.37745,5459.18035,0.90,-0.62,-0.10
114246.00,08254.37745,5459.18035,0.86,-0.57,-0.10
114246.00,08254.37745,5459.18035,0.86,-0.62,-0.14
114247.00,08254.37730,5459.18032,0.86,-0.57,-0.10
114247.00,08254.37730,5459.18032,0.81,-0.62,-0.10
114247.00,08254.37730,5459.18032,0.90,-0.62,-0.10
114247.00,08254.37730,5459.18032,0.86,-0.62,-0.10
114247.00,08254.37730,5459.18032,0.86,-0.62,-0.05
114247.00,08254.37730,5459.18032,0.86,-0.62,-0.05
114247.00,08254.37730,5459.18032,0.86,-0.71,-0.10
114247.00,08254.37730,5459.18032,0.81,-0.57,-0.05
114248.00,08254.37718,5459.18031,0.86,-0.67,-0.14
114248.00,08254.37718,5459.18031,0.81,-0.62,-0.05
114248.00,08254.37718,5459.18031,0.81,-0.57,-0.10
114248.00,08254.37718,5459.18031,0.90,-0.62,-0.10
114248.00,08254.37718,5459.18031,0.90,-0.62,-0.05
114248.00,08254.37718,5459.18031,0.86,-0.62,-0.10
114248.00,08254.37718,5459.18031,0.90,-0.62,-0.05
114249.00,08254.37696,5459.18036,0.90,-0.67,-0.10
114249.00,08254.37696,5459.18036,0.86,-0.67,-0.05
114249.00,08254.37696,5459.18036,0.86,-0.62,-0.14
114249.00,08254.37696,5459.18036,0.86,-0.57,-0.10
114249.00,08254.37696,5459.18036,0.81,-0.62,-0.05
114249.00,08254.37696,5459.18036,0.86,-0.62,-0.05
114249.00,08254.37696,5459.18036,0.81,-0.57,-0.10
114250.00,08254.37690,5459.18039,0.90,-0.62,-0.05
114250.00,08254.37690,5459.18039,0.90,-0.62,-0.05
114250.00,08254.37690,5459.18039,0.81,-0.62,-0.10
114250.00,08254.37690,5459.18039,0.86,-0.67,-0.05
114250.00,08254.37690,5459.18039,0.90,-0.62,-0.10
114250.00,08254.37690,5459.18039,0.86,-0.62,-0.05
114250.00,08254.37690,5459.18039,0.86,-0.62,-0.14
114250.00,08254.37690,5459.18039,0.86,-0.62,-0.05
114251.00,08254.37686,5459.18040,0.86,-0.62,-0.05
114251.00,08254.37686,5459.18040,0.81,-0.62,-0.10
114251.00,08254.37686,5459.18040,0.86,-0.67,-0.05
114251.00,08254.37686,5459.18040,0.90,-0.62,-0.10
114251.00,08254.37686,5459.18040,0.86,-0.62,-0.05
114251.00,08254.37686,5459.18040,0.90,-0.62,-0.05
114251.00,08254.37686,5459.18040,0.86,-0.57,-0.05
114252.00,08254.37683,5459.18043,0.86,-0.62,-0.10
114252.00,08254.37683,5459.18043,0.81,-0.62,-0.10
114252.00,08254.37683,5459.18043,0.86,-0.62,-0.10
114252.00,08254.37683,5459.18043,0.90,-0.57,-0.10
114252.00,08254.37683,5459.18043,0.86,-0.62,-0.10
114252.00,08254.37683,5459.18043,0.81,-0.57,-0.10
114252.00,08254.37683,5459.18043,0.90,-0.57,-0.10
114253.00,08254.37678,5459.18046,0.81,-0.67,-0.10
114253.00,08254.37678,5459.18046,0.86,-0.62,-0.10
114253.00,08254.37678,5459.18046,0.86,-0.62,-0.10
114253.00,08254.37678,5459.18046,0.86,-0.57,-0.05
114253.00,08254.37678,5459.18046,0.86,-0.67,-0.05
114253.00,08254.37678,5459.18046,0.95,-0.62,-0.10
114253.00,08254.37678,5459.18046,0.90,-0.62,-0.05
114253.00,08254.37678,5459.18046,0.90,-0.62,-0.10
114254.00,08254.37667,5459.18051,0.90,-0.67,-0.10
114254.00,08254.37667,5459.18051,0.81,-0.62,-0.05
114254.00,08254.37667,5459.18051,0.86,-0.62,-0.05
114254.00,08254.37667,5459.18051,0.86,-0.62,-0.05
114254.00,08254.37667,5459.18051,0.86,-0.57,-0.05
114254.00,08254.37667,5459.18051,0.81,-0.67,-0.05
114255.00,08254.37654,5459.18063,0.81,-0.62,-0.10
114255.00,08254.37654,5459.18063,0.90,-0.67,-0.10
114255.00,08254.37654,5459.18063,0.86,-0.10,0.00
114255.00,08254.37654,5459.18063,0.86,-0.62,-0.10
114255.00,08254.37654,5459.18063,0.81,-0.67,-0.05
114255.00,08254.37654,5459.18063,0.86,-0.57,-0.05
114255.00,08254.37654,5459.18063,0.81,-0.62,-0.10
114255.00,08254.37654,5459.18063,0.81,-0.67,-0.10
114256.00,08254.37639,5459.18072,0.86,-0.62,-0.14
114256.00,08254.37639,5459.18072,0.90,-0.57,-0.14
114256.00,08254.37639,5459.18072,0.86,-0.62,-0.10
114256.00,08254.37639,5459.18072,0.86,-0.62,-0.10
114256.00,08254.37639,5459.18072,0.86,-0.62,-0.10
114256.00,08254.37639,5459.18072,0.86,-0.62,-0.10
114256.00,08254.37639,5459.18072,0.90,-0.62,-0.10
114256.00,08254.37639,5459.18072,0.86,-0.62,-0.10
114257.00,08254.37634,5459.18077,0.90,-0.67,-0.10
114257.00,08254.37634,5459.18077,0.90,-0.67,-0.10
114257.00,08254.37634,5459.18077,0.86,-0.62,-0.10
114257.00,08254.37634,5459.18077,0.86,-0.62,-0.10
114257.00,08254.37634,5459.18077,0.81,-0.62,-0.10
114257.00,08254.37634,5459.18077,0.90,-0.62,-0.10
114257.00,08254.37634,5459.18077,0.86,-0.62,-0.10
114258.00,08254.37621,5459.18084,0.86,-0.62,-0.05
114258.00,08254.37621,5459.18084,0.86,-0.62,-0.10
114258.00,08254.37621,5459.18084,0.86,-0.62,-0.10
114258.00,08254.37621,5459.18084,0.81,-0.62,-0.10
114258.00,08254.37621,5459.18084,0.90,-0.62,-0.05
114258.00,08254.37621,5459.18084,0.86,-0.62,-0.10
114258.00,08254.37621,5459.18084,0.81,-0.62,-0.05
114259.00,08254.37630,5459.18085,0.86,-0.57,-0.10
114259.00,08254.37630,5459.18085,0.90,-0.67,-0.05
114259.00,08254.37630,5459.18085,0.90,-0.62,-0.05
114259.00,08254.37630,5459.18085,0.86,-0.67,-0.10
114259.00,08254.37630,5459.18085,0.86,-0.62,-0.10
114259.00,08254.37630,5459.18085,0.86,-0.62,-0.10
114259.00,08254.37630,5459.18085,0.90,-0.57,0.00
114259.00,08254.37630,5459.18085,0.86,-0.62,-0.10
114300.00,08254.37638,5459.18086,0.76,-0.62,-0.05
114300.00,08254.37638,5459.18086,0.90,-0.57,-0.10
114300.00,08254.37638,5459.18086,0.90,-0.67,-0.10
114300.00,08254.37638,5459.18086,0.81,-0.62,-0.05
114300.00,08254.37638,5459.18086,0.86,-0.62,-0.10
114300.00,08254.37638,5459.18086,0.86,-0.62,-0.10
114300.00,08254.37638,5459.18086,0.86,-0.62,-0.10
114301.00,08254.37637,5459.18086,0.86,-0.62,-0.05
114301.00,08254.37637,5459.18086,0.86,-0.67,-0.10
114301.00,08254.37637,5459.18086,0.81,-0.62,-0.05
114301.00,08254.37637,5459.18086,0.86,-0.67,-0.05
114301.00,08254.37637,5459.18086,0.86,-0.05,0.00
114301.00,08254.37637,5459.18086,0.86,-0.62,-0.10
114301.00,08254.37637,5459.18086,0.86,-0.67,-0.10
114301.00,08254.37637,5459.18086,0.86,-0.62,-0.05
114302.00,08254.37640,5459.18084,0.86,-0.62,-0.10
114302.00,08254.37640,5459.18084,0.86,-0.62,-0.10
114302.00,08254.37640,5459.18084,0.86,-0.62,-0.05
114302.00,08254.37640,5459.18084,0.90,-0.57,-0.10
114302.00,08254.37640,5459.18084,0.86,-0.67,-0.05
114302.00,08254.37640,5459.18084,0.86,-0.62,-0.10
114302.00,08254.37640,5459.18084,0.86,-0.67,-0.10
114303.00,08254.37645,5459.18089,0.86,-0.62,-0.10
114303.00,08254.37645,5459.18089,0.86,-0.57,-0.05
114303.00,08254.37645,5459.18089,0.90,-0.57,-0.10
114303.00,08254.37645,5459.18089,0.81,-0.62,-0.05
114303.00,08254.37645,5459.18089,0.86,-0.62,-0.05
114303.00,08254.37645,5459.18089,0.81,-0.62,-0.14
114303.00,08254.37645,5459.18089,0.81,-0.62,-0.10
114303.00,08254.37645,5459.18089,0.86,-0.67,-0.10
114304.00,08254.37659,5459.18088,0.86,-0.62,-0.05
114304.00,08254.37659,5459.18088,0.90,-0.62,-0.10
114304.00,08254.37659,5459.18088,0.90,-0.62,0.00
114304.00,08254.37659,5459.18088,0.86,-0.57,-0.10
114304.00,08254.37659,5459.18088,0.86,-0.57,-0.05
114304.00,08254.37659,5459.18088,0.81,-0.57,-0.10
114304.00,08254.37659,5459.18088,0.81,-0.62,-0.10
114305.00,08254.37679,5459.18086,0.86,-0.62,-0.10
114305.00,08254.37679,5459.18086,0.90,-0.57,-0.10
114305.00,08254.37679,5459.18086,0.86,-0.67,-0.05
114305.00,08254.37679,5459.18086,0.86,-0.67,-0.10
114305.00,08254.37679,5459.18086,0.86,-0.62,-0.10
114305.00,08254.37679,5459.18086,0.90,-0.62,-0.10
114305.00,08254.37679,5459.18086,0.86,-0.62,-0.10
114306.00,08254.37693,5459.18080,0.86,-0.62,0.00
114306.00,08254.37693,5459.18080,0.90,-0.62,-0.10
114306.00,08254.37693,5459.18080,-0.62,-0.10,0.00
114306.00,08254.37693,5459.18080,0.86,-0.57,-0.10
114306.00,08254.37693,5459.18080,0.90,-0.62,-0.10
114306.00,08254.37693,5459.18080,0.86,-0.62,-0.14
114306.00,08254.37693,5459.18080,0.86,-0.67,-0.14
114306.00,08254.37693,5459.18080,0.86,-0.62,0.00
114307.00,08254.37711,5459.18075,0.86,-0.52,-0.14
114307.00,08254.37711,5459.18075,0.90,-0.62,-0.10
114307.00,08254.37711,5459.18075,0.86,-0.67,-0.10
114307.00,08254.37711,5459.18075,0.86,-0.62,-0.10
114307.00,08254.37711,5459.18075,0.86,-0.62,-0.14
114307.00,08254.37711,5459.18075,0.90,-0.62,-0.10
114307.00,08254.37711,5459.18075,0.81,-0.57,-0.05
114307.00,08254.37711,5459.18075,0.81,-0.57,-0.10
114308.00,08254.37725,5459.18070,0.81,-0.62,-0.10
114308.00,08254.37725,5459.18070,0.90,-0.62,-0.05
114308.00,08254.37725,5459.18070,0.86,-0.62,-0.10
114308.00,08254.37725,5459.18070,0.86,-0.62,-0.10
114308.00,08254.37725,5459.18070,0.81,-0.57,-0.10
114308.00,08254.37725,5459.18070,0.90,-0.62,-0.10
114308.00,08254.37725,5459.18070,0.86,-0.67,-0.10
114309.00,08254.37748,5459.18066,0.86,-0.67,-0.10
114309.00,08254.37748,5459.18066,0.86,-0.62,-0.10
114309.00,08254.37748,5459.18066,0.86,-0.52,-0.05
114309.00,08254.37748,5459.18066,0.86,-0.62,-0.05
114309.00,08254.37748,5459.18066,0.95,-0.57,-0.10
114309.00,08254.37748,5459.18066,0.86,-0.57,-0.10
114309.00,08254.37748,5459.18066,0.86,-0.62,-0.10
114309.00,08254.37748,5459.18066,0.86,-0.52,-0.14
114310.00,08254.37762,5459.18062,0.90,-0.62,-0.10
114310.00,08254.37762,5459.18062,0.86,-0.62,-0.10
114310.00,08254.37762,5459.18062,0.86,-0.62,-0.10
114310.00,08254.37762,5459.18062,0.81,-0.62,-0.05
114310.00,08254.37762,5459.18062,0.90,-0.62,-0.10
114310.00,08254.37762,5459.18062,0.86,-0.67,-0.05
114310.00,08254.37762,5459.18062,0.90,-0.67,-0.14
114311.00,08254.37773,5459.18059,0.86,-0.57,-0.10
114311.00,08254.37773,5459.18059,0.86,-0.57,-0.05
114311.00,08254.37773,5459.18059,0.86,-0.67,-0.10
114311.00,08254.37773,5459.18059,0.86,-0.62,0.00
114311.00,08254.37773,5459.18059,0.86,-0.62,-0.05
114311.00,08254.37773,5459.18059,0.90,-0.67,-0.05
114311.00,08254.37773,5459.18059,0.86,-0.57,-0.05
114311.00,08254.37773,5459.18059,0.86,-0.62,-0.05
114312.00,08254.37814,5459.18055,0.86,-0.62,-0.10
114312.00,08254.37814,5459.18055,0.81,-0.62,-0.05
114312.00,08254.37814,5459.18055,0.86,-0.67,-0.10
114312.00,08254.37814,5459.18055,0.90,-0.62,-0.10
114312.00,08254.37814,5459.18055,0.90,-0.62,-0.10
114312.00,08254.37814,5459.18055,0.90,-0.62,-0.10
114312.00,08254.37814,5459.18055,0.90,-0.57,-0.10
114313.00,08254.37852,5459.18053,0.81,-0.57,-0.10
114313.00,08254.37852,5459.18053,0.86,-0.62,-0.10
114313.00,08254.37852,5459.18053,0.86,-0.57,-0.05
114313.00,08254.37852,5459.18053,0.81,-0.62,-0.05
114313.00,08254.37852,5459.18053,0.86,-0.57,-0.05
114313.00,08254.37852,5459.18053,0.86,-0.57,-0.10
114313.00,08254.37852,5459.18053,0.86,-0.62,-0.10
114314.00,08254.37875,5459.18052,0.90,-0.62,-0.10
114314.00,08254.37875,5459.18052,0.86,-0.62,-0.10
114314.00,08254.37875,5459.18052,0.86,-0.57,-0.10
114314.00,08254.37875,5459.18052,0.86,-0.62,-0.10
114314.00,08254.37875,5459.18052,0.90,-0.67,-0.14
114314.00,08254.37875,5459.18052,0.86,-0.62,-0.10
114314.00,08254.37875,5459.18052,0.81,-0.67,-0.10
114314.00,08254.37875,5459.18052,0.81,-0.62,-0.14
114315.00,08254.37902,5459.18050,0.86,-0.57,-0.10
114315.00,08254.37902,5459.18050,0.81,-0.62,-0.05
114315.00,08254.37902,5459.18050,0.86,-0.62,-0.10
114315.00,08254.37902,5459.18050,0.81,-0.62,-0.10
114315.00,08254.37902,5459.18050,0.86,-0.62,-0.10
114315.00,08254.37902,5459.18050,0.86,-0.62,-0.05
114315.00,08254.37902,5459.18050,0.86,-0.57,-0.05
114316.00,08254.37942,5459.18045,0.86,-0.67,-0.10
114316.00,08254.37942,5459.18045,0.81,-0.57,-0.10
114316.00,08254.37942,5459.18045,0.90,-0.62,-0.05
114316.00,08254.37942,5459.18045,0.90,-0.57,-0.10
114316.00,08254.37942,5459.18045,0.86,-0.71,-0.10
114316.00,08254.37942,5459.18045,0.90,-0.57,-0.10
114316.00,08254.37942,5459.18045,0.86,-0.57,-0.10
114316.00,08254.37942,5459.18045,0.86,-0.57,-0.05
114317.00,08254.37966,5459.18040,0.86,-0.62,-0.14
114317.00,08254.37966,5459.18040,0.86,-0.57,-0.10
114317.00,08254.37966,5459.18040,0.86,-0.62,-0.05
114317.00,08254.37966,5459.18040,0.86,-0.62,-0.10
114317.00,08254.37966,5459.18040,0.76,-0.67,-0.10
114317.00,08254.37966,5459.18040,0.81,-0.62,-0.10
114317.00,08254.37966,5459.18040,0.86,-0.62,-0.05
114318.00,08254.37989,5459.18037,0.86,-0.67,-0.10
114318.00,08254.37989,5459.18037,0.81,-0.62,-0.05
114318.00,08254.37989,5459.18037,0.86,-0.62,-0.10
114318.00,08254.37989,5459.18037,0.86,-0.62,-0.10
114318.00,08254.37989,5459.18037,0.90,-0.71,-0.14
114318.00,08254.37989,5459.18037,0.81,-0.67,-0.10
114318.00,08254.37989,5459.18037,0.90,-0.62,-0.05
114319.00,08254.38009,5459.18035,0.90,-0.62,-0.10
114319.00,08254.38009,5459.18035,0.86,-0.67,-0.10
114319.00,08254.38009,5459.18035,0.86,-0.67,-0.10
114319.00,08254.38009,5459.18035,0.86,-0.62,-0.10
114319.00,08254.38009,5459.18035,0.86,-0.62,-0.10
114319.00,08254.38009,5459.18035,0.81,-0.67,-0.10
114319.00,08254.38009,5459.18035,0.90,-0.57,-0.05
114319.00,08254.38009,5459.18035,0.81,-0.57,0.00
114320.00,08254.38025,5459.18031,0.86,-0.62,-0.10
114320.00,08254.38025,5459.18031,0.86,-0.57,-0.05
114320.00,08254.38025,5459.18031,0.86,-0.62,-0.05
114320.00,08254.38025,5459.18031,0.90,-0.62,-0.10
114320.00,08254.38025,5459.18031,0.86,-0.67,-0.10
114320.00,08254.38025,5459.18031,0.86,-0.67,-0.05
114320.00,08254.38025,5459.18031,0.86,-0.62,-0.05
114321.00,08254.38059,5459.18027,0.86,-0.62,-0.10
114321.00,08254.38059,5459.18027,0.86,-0.62,-0.14
114321.00,08254.38059,5459.18027,0.86,-0.57,-0.10
114321.00,08254.38059,5459.18027,0.86,-0.62,-0.05
114321.00,08254.38059,5459.18027,0.81,-0.62,-0.05
114321.00,08254.38059,5459.18027,0.90,-0.57,-0.05
114321.00,08254.38059,5459.18027,0.81,-0.62,-0.05
114322.00,08254.38083,5459.18024,0.86,-0.62,-0.10
114322.00,08254.38083,5459.18024,0.86,-0.62,-0.10
114322.00,08254.38083,5459.18024,0.90,-0.62,-0.10
114322.00,08254.38083,5459.18024,0.86,-0.62,-0.05
114322.00,08254.38083,5459.18024,0.86,-0.67,-0.10
114322.00,08254.38083,5459.18024,0.90,-0.57,-0.05
114322.00,08254.38083,5459.18024,0.90,-0.57,-0.10
114323.00,08254.38080,5459.18022,0.81,-0.57,-0.14
114323.00,08254.38080,5459.18022,0.81,-0.62,-0.10
114323.00,08254.38080,5459.18022,0.90,-0.62,-0.05
114323.00,08254.38080,5459.18022,0.90,-0.62,-0.10
114323.00,08254.38080,5459.18022,0.81,-0.57,-0.14
114323.00,08254.38080,5459.18022,0.90,-0.57,-0.10
114323.00,08254.38080,5459.18022,0.86,-0.62,-0.05
114323.00,08254.38080,5459.18022,0.86,-0.62,-0.10
114324.00,08254.38081,5459.18022,0.86,-0.67,-0.10
114324.00,08254.38081,5459.18022,0.86,-0.67,-0.10
114324.00,08254.38081,5459.18022,0.86,-0.67,-0.10
114324.00,08254.38081,5459.18022,0.86,-0.62,-0.05
114324.00,08254.38081,5459.18022,0.86,-0.67,-0.10
114324.00,08254.38081,5459.18022,0.86,-0.62,-0.10
114324.00,08254.38081,5459.18022,0.81,-0.62,-0.10
114325.00,08254.38090,5459.18021,0.81,-0.62,-0.10
114325.00,08254.38090,5459.18021,0.90,-0.67,-0.05
114325.00,08254.38090,5459.18021,0.81,-0.67,-0.05
114325.00,08254.38090,5459.18021,0.86,-0.67,-0.05
114325.00,08254.38090,5459.18021,0.86,-0.67,-0.05
114325.00,08254.38090,5459.18021,0.86,-0.57,-0.05
114325.00,08254.38090,5459.18021,0.86,-0.62,-0.10
114325.00,08254.38090,5459.18021,0.90,-0.67,-0.10
114326.00,08254.38089,5459.18022,0.86,-0.67,-0.14
114326.00,08254.38089,5459.18022,0.81,-0.67,-0.10
114326.00,08254.38089,5459.18022,0.86,-0.67,-0.10
114326.00,08254.38089,5459.18022,0.86,-0.62,-0.10
114326.00,08254.38089,5459.18022,0.86,-0.62,-0.05
114326.00,08254.38089,5459.18022,0.86,-0.57,-0.10
114326.00,08254.38089,5459.18022,0.86,-0.57,-0.05
114326.00,08254.38089,5459.18022,0.86,-0.67,-0.10
114327.00,08254.38094,5459.18024,0.76,-0.62,-0.10
114327.00,08254.38094,5459.18024,0.81,-0.62,-0.05
114327.00,08254.38094,5459.18024,0.90,-0.62,-0.05
114327.00,08254.38094,5459.18024,0.90,-0.67,-0.10
114327.00,08254.38094,5459.18024,0.86,-0.67,-0.05
114327.00,08254.38094,5459.18024,0.86,-0.62,-0.05
114327.00,08254.38094,5459.18024,0.81,-0.62,-0.05
114327.00,08254.38094,5459.18024,0.90,-0.62,-0.05
114328.00,08254.38126,5459.18026,0.86,-0.67,-0.10
114328.00,08254.38126,5459.18026,0.86,-0.62,-0.14
114328.00,08254.38126,5459.18026,0.86,-0.62,-0.05
114328.00,08254.38126,5459.18026,0.81,-0.67,-0.05
114328.00,08254.38126,5459.18026,0.86,-0.67,-0.10
114328.00,08254.38126,5459.18026,0.76,-0.62,-0.10
114328.00,08254.38126,5459.18026,0.81,-0.62,-0.10
114329.00,08254.38135,5459.18026,0.86,-0.62,-0.05
114329.00,08254.38135,5459.18026,0.86,-0.62,-0.10
114329.00,08254.38135,5459.18026,0.86,-0.62,-0.10
114329.00,08254.38135,5459.18026,0.86,-0.62,-0.05
114329.00,08254.38135,5459.18026,0.81,-0.57,-0.10
114329.00,08254.38135,5459.18026,0.90,-0.62,-0.10
114329.00,08254.38135,5459.18026,0.90,-0.67,-0.10
114329.00,08254.38135,5459.18026,0.90,-0.62,-0.05
114330.00,08254.38153,5459.18027,0.86,-0.62,-0.10
114330.00,08254.38153,5459.18027,0.86,-0.62,-0.05
114330.00,08254.38153,5459.18027,0.86,-0.62,-0.10
114330.00,08254.38153,5459.18027,0.81,-0.57,-0.10
114330.00,08254.38153,5459.18027,0.86,-0.67,-0.05
114330.00,08254.38153,5459.18027,0.81,-0.62,-0.05
114330.00,08254.38153,5459.18027,0.86,-0.62,-0.10
114330.00,08254.38153,5459.18027,0.86,-0.62,-0.10
114331.00,08254.38170,5459.18027,0.81,-0.67,-0.10
114331.00,08254.38170,5459.18027,0.86,-0.67,-0.05
114331.00,08254.38170,5459.18027,0.81,-0.57,-0.05
114331.00,08254.38170,5459.18027,0.95,-0.67,-0.10
114331.00,08254.38170,5459.18027,0.86,-0.62,-0.10
114331.00,08254.38170,5459.18027,0.86,-0.62,-0.10
114331.00,08254.38170,5459.18027,0.86,-0.67,-0.10
114331.00,08254.38170,5459.18027,0.90,-0.62,-0.05
114332.00,08254.38187,5459.18031,0.86,-0.62,-0.10
114332.00,08254.38187,5459.18031,0.86,-0.62,-0.10
114332.00,08254.38187,5459.18031,0.81,-0.62,-0.05
114332.00,08254.38187,5459.18031,0.81,-0.62,-0.05
114332.00,08254.38187,5459.18031,0.86,-0.62,-0.05
114332.00,08254.38187,5459.18031,0.86,-0.67,-0.10
114332.00,08254.38187,5459.18031,0.81,-0.67,-0.10
114332.00,08254.38187,5459.18031,0.86,-0.62,-0.05
114333.00,08254.38188,5459.18031,0.86,-0.62,-0.14
114333.00,08254.38188,5459.18031,0.81,-0.67,-0.10
114333.00,08254.38188,5459.18031,0.86,-0.67,-0.05
114333.00,08254.38188,5459.18031,0.86,-0.62,-0.05
114333.00,08254.38188,5459.18031,0.86,-0.62,-0.10
114333.00,08254.38188,5459.18031,0.86,-0.67,-0.14
114333.00,08254.38188,5459.18031,0.81,-0.57,-0.10
114333.00,08254.38188,5459.18031,0.86,-0.67,-0.10
114334.00,08254.38192,5459.18033,0.81,-0.57,-0.05
114334.00,08254.38192,5459.18033,0.90,-0.57,-0.10
114334.00,08254.38192,5459.18033,0.86,-0.67,-0.10
114334.00,08254.38192,5459.18033,0.81,-0.62,-0.10
114334.00,08254.38192,5459.18033,0.86,-0.67,-0.10
114334.00,08254.38192,5459.18033,0.86,-0.67,-0.10
114334.00,08254.38192,5459.18033,0.81,-0.57,-0.05
114334.00,08254.38192,5459.18033,0.90,-0.62,-0.10
114335.00,08254.38190,5459.18034,0.86,-0.62,-0.05
114335.00,08254.38190,5459.18034,0.81,-0.62,-0.10
114335.00,08254.38190,5459.18034,0.81,-0.57,-0.10
114335.00,08254.38190,5459.18034,0.86,-0.62,-0.05
114335.00,08254.38190,5459.18034,0.81,-0.62,-0.10
114335.00,08254.38190,5459.18034,0.90,-0.62,-0.10
114335.00,08254.38190,5459.18034,0.81,-0.62,-0.10
114335.00,08254.38190,5459.18034,0.86,-0.62,-0.05
114336.00,08254.38191,5459.18037,0.90,-0.67,-0.05
114336.00,08254.38191,5459.18037,0.86,-0.57,-0.10
114336.00,08254.38191,5459.18037,0.86,-0.57,-0.10
114336.00,08254.38191,5459.18037,0.86,-0.62,-0.10
114336.00,08254.38191,5459.18037,0.86,-0.62,-0.05
114336.00,08254.38191,5459.18037,0.81,-0.71,-0.10
114336.00,08254.38191,5459.18037,0.86,-0.57,-0.10
114336.00,08254.38191,5459.18037,0.86,-0.62,-0.10
114337.00,08254.38198,5459.18043,0.76,-0.62,-0.10
114337.00,08254.38198,5459.18043,0.86,-0.62,-0.10
114337.00,08254.38198,5459.18043,0.86,-0.67,-0.10
114337.00,08254.38198,5459.18043,0.86,-0.67,-0.05
114337.00,08254.38198,5459.18043,0.81,-0.67,-0.10
114337.00,08254.38198,5459.18043,0.81,-0.62,-0.10
114337.00,08254.38198,5459.18043,0.86,-0.62,-0.10
114338.00,08254.38191,5459.18046,0.86,-0.57,-0.05
114338.00,08254.38191,5459.18046,0.86,-0.62,-0.14
114338.00,08254.38191,5459.18046,0.90,-0.57,-0.10
114338.00,08254.38191,5459.18046,0.90,-0.67,-0.10
114338.00,08254.38191,5459.18046,0.81,-0.62,-0.05
114338.00,08254.38191,5459.18046,0.86,-0.62,-0.10
114338.00,08254.38191,5459.18046,0.86,-0.57,-0.10
114338.00,08254.38191,5459.18046,0.81,-0.67,-0.10
114339.00,08254.38189,5459.18051,0.90,-0.67,-0.10
114339.00,08254.38189,5459.18051,0.86,-0.57,-0.10
114339.00,08254.38189,5459.18051,0.86,-0.57,-0.10
114339.00,08254.38189,5459.18051,0.86,-0.62,-0.10
114339.00,08254.38189,5459.18051,0.81,-0.67,-0.10
114339.00,08254.38189,5459.18051,0.81,-0.67,-0.10
114339.00,08254.38189,5459.18051,0.90,-0.67,-0.05
114339.00,08254.38189,5459.18051,0.86,-0.62,-0.10
114340.00,08254.38192,5459.18057,0.86,-0.62,0.00
114340.00,08254.38192,5459.18057,0.90,-0.57,-0.05
114340.00,08254.38192,5459.18057,0.86,-0.62,-0.14
114340.00,08254.38192,5459.18057,0.90,-0.62,-0.10
114340.00,08254.38192,5459.18057,0.90,-0.62,-0.10
114340.00,08254.38192,5459.18057,0.86,-0.62,-0.05
114340.00,08254.38192,5459.18057,0.86,-0.62,-0.05
114340.00,08254.38192,5459.18057,0.90,-0.57,-0.10
114341.00,08254.38208,5459.18062,0.81,-0.67,-0.10
114341.00,08254.38208,5459.18062,0.86,-0.62,-0.10
114341.00,08254.38208,5459.18062,0.81,-0.48,-0.05
114341.00,08254.38208,5459.18062,1.00,-0.71,-0.19
114341.00,08254.38208,5459.18062,0.90,-0.62,-0.10
114341.00,08254.38208,5459.18062,0.86,-0.62,-0.05
114341.00,08254.38208,5459.18062,0.86,-0.57,-0.05
114342.00,08254.38199,5459.18067,0.90,-0.62,-0.05
114342.00,08254.38199,5459.18067,0.81,-0.52,-0.05
114342.00,08254.38199,5459.18067,0.90,-0.62,-0.10
114342.00,08254.38199,5459.18067,0.90,-0.62,-0.10
114342.00,08254.38199,5459.18067,0.81,-0.62,-0.05
114342.00,08254.38199,5459.18067,0.81,-0.62,-0.10
114342.00,08254.38199,5459.18067,0.86,-0.62,-0.05
114342.00,08254.38199,5459.18067,0.86,-0.62,-0.10
114343.00,08254.38193,5459.18070,0.81,-0.67,-0.05
114343.00,08254.38193,5459.18070,0.81,-0.62,-0.10
114343.00,08254.38193,5459.18070,0.81,-0.67,-0.05
114343.00,08254.38193,5459.18070,0.86,-0.62,-0.05
114343.00,08254.38193,5459.18070,0.86,-0.52,-0.05
114343.00,08254.38193,5459.18070,0.86,-0.67,-0.10
114343.00,08254.38193,5459.18070,-0.62,-0.05,0.00
114343.00,08254.38193,5459.18070,0.95,-0.62,-0.05
114344.00,08254.38189,5459.18072,0.90,-0.57,-0.05
114344.00,08254.38189,5459.18072,0.81,-0.57,-0.05
114344.00,08254.38189,5459.18072,0.86,-0.62,-0.05
114344.00,08254.38189,5459.18072,0.86,-0.67,-0.10
114344.00,08254.38189,5459.18072,0.90,-0.62,-0.10
114344.00,08254.38189,5459.18072,0.81,-0.67,-0.05
114344.00,08254.38189,5459.18072,0.81,-0.62,-0.10
114345.00,08254.38186,5459.18076,0.86,-0.67,-0.10
114345.00,08254.38186,5459.18076,0.86,-0.62,-0.05
114345.00,08254.38186,5459.18076,0.86,-0.67,-0.05
114345.00,08254.38186,5459.18076,0.86,-0.62,-0.05
114345.00,08254.38186,5459.18076,0.90,-0.62,-0.14
114345.00,08254.38186,5459.18076,0.90,-0.62,-0.05
114345.00,08254.38186,5459.18076,0.81,-0.62,-0.10
114346.00,08254.38187,5459.18080,0.90,-0.62,-0.10
114346.00,08254.38187,5459.18080,0.81,-0.62,-0.10
114346.00,08254.38187,5459.18080,1.05,-0.67,-0.10
114346.00,08254.38187,5459.18080,0.81,-0.62,-0.05
114346.00,08254.38187,5459.18080,0.86,-0.67,-0.14
114346.00,08254.38187,5459.18080,0.71,-0.38,-0.19
114346.00,08254.38187,5459.18080,0.90,-0.62,-0.10
114347.00,08254.38182,5459.18084,0.90,-0.57,-0.05
114347.00,08254.38182,5459.18084,0.86,-0.57,-0.05
114347.00,08254.38182,5459.18084,0.90,-0.19,-0.05
114347.00,08254.38182,5459.18084,1.00,-0.62,0.14
114347.00,08254.38182,5459.18084,1.00,-0.52,0.10
114347.00,08254.38182,5459.18084,0.81,-0.62,-0.19
114347.00,08254.38182,5459.18084,0.86,-0.57,-0.10
114347.00,08254.38182,5459.18084,0.81,-0.62,0.00
114348.00,08254.38170,5459.18087,0.95,-0.57,-0.05
114348.00,08254.38170,5459.18087,0.71,-0.81,-0.24
114348.00,08254.38170,5459.18087,0.95,-0.67,-0.10
114348.00,08254.38170,5459.18087,0.86,-0.43,-0.05
114348.00,08254.38170,5459.18087,0.90,-0.57,-0.05
114348.00,08254.38170,5459.18087,0.86,-0.52,-0.05
114348.00,08254.38170,5459.18087,0.90,-0.57,-0.05
114348.00,08254.38170,5459.18087,0.90,-0.57,-0.05
114349.00,08254.38168,5459.18090,0.90,-0.67,0.05
114349.00,08254.38168,5459.18090,0.90,-0.43,0.00
114349.00,08254.38168,5459.18090,0.90,-0.52,0.00
